name: gym-duckietown
channels:
  - pytorch
  - anaconda
  - defaults
  - conda-forge
dependencies:
  - _libgcc_mutex=0.1=main
  - _pytorch_select=0.2=gpu_0
  - absl-py=0.8.1=py36_0
  - blas=1.0=mkl
  - bleach=1.5.0=py36_0
  - c-ares=1.15.0=h7b6447c_1001
  - ca-certificates=2019.10.16=0
  - certifi=2019.9.11=py36_0
  - cffi=1.13.1=py36h2e261b9_0
  - cuda90=1.0=h6433d27_0
  - cudatoolkit=9.0=h13b8566_0
  - cudnn=7.6.4=cuda9.0_0
  - cupti=9.0.176=0
  - freetype=2.9.1=h8a8886c_1
  - grpcio=1.16.1=py36hf8bcb03_1
  - html5lib=0.9999999=py36_0
  - intel-openmp=2019.4=243
  - jpeg=9b=h024ee3a_2
  - libedit=3.1.20181209=hc058e9b_0
  - libffi=3.2.1=hd88cf55_4
  - libgcc-ng=9.1.0=hdf63c60_0
  - libgfortran-ng=7.3.0=hdf63c60_0
  - libpng=1.6.37=hbc83047_0
  - libprotobuf=3.10.1=hd408876_0
  - libsodium=1.0.16=h1bed415_0
  - libstdcxx-ng=9.1.0=hdf63c60_0
  - libtiff=4.0.10=h2733197_2
  - markdown=3.1.1=py36_0
  - mkl=2019.4=243
  - mkl-service=2.3.0=py36he904b0f_0
  - mkl_fft=1.0.14=py36ha843d7b_0
  - mkl_random=1.1.0=py36hd6b4f25_0
  - ncurses=6.1=he6710b0_1
  - ninja=1.9.0=py36hfd86e86_0
  - numpy=1.17.2=py36haad9e8e_0
  - numpy-base=1.17.2=py36hde5b4d6_0
  - olefile=0.46=py36_0
  - openssl=1.1.1=h7b6447c_0
  - pillow=6.2.0=py36h34e0f95_0
  - pip=19.3.1=py36_0
  - protobuf=3.10.1=py36he6710b0_0
  - pycparser=2.19=py36_0
  - python=3.6.9=h265db76_0
  - pytorch=1.1.0=cuda90py36h8b0c50b_0
  - pyyaml=3.12=py36h14c3975_1
  - pyzmq=18.1.0=py36he6710b0_0
  - readline=7.0=h7b6447c_5
  - setuptools=41.6.0=py36_0
  - six=1.12.0=py36_0
  - sqlite=3.30.1=h7b6447c_0
  - tensorboard=2.0.0=pyhb230dea_0
  - tensorflow-gpu=1.5.0=0
  - tensorflow-gpu-base=1.5.0=py36h8a131e3_0
  - tensorflow-tensorboard=1.5.1=py36hf484d3e_1
  - tk=8.6.8=hbc83047_0
  - torchvision=0.2.2=py_3
  - webencodings=0.5.1=py36_1
  - werkzeug=0.16.0=py_0
  - wheel=0.33.6=py36_0
  - xz=5.2.4=h14c3975_4
  - yaml=0.1.7=had09818_2
  - zeromq=4.3.1=he6710b0_3
  - zlib=1.2.11=h7b6447c_3
  - zstd=1.3.7=h0b5b093_0
  - pip:
    - args==0.1.0
    - atari-py==0.2.6
    - chardet==3.0.4
    - click==6.7
    - clint==0.5.1
    - cloudpickle==1.2.2
    - cycler==0.10.0
    - dataclasses==0.7
    - decorator==4.4.1
    - duckietown-slimremote==2018.10.1
    - floyd-cli==0.11.17
    - future==0.18.2
    - gym==0.15.3
    - idna==2.8
    - imageio==2.6.1
    - joblib==0.14.0
    - kiwisolver==1.1.0
    - marshmallow==2.20.5
    - matplotlib==3.1.1
    - mpi4py==3.0.3
    - networkx==2.4
    - opencv-python==4.1.1.26
    - pandas==0.25.3
    - pathlib2==2.3.5
    - pycontracts==1.8.12
    - pygeometry==1.5.6
    - pyglet==1.3.2
    - pyparsing==2.4.4
    - python-dateutil==2.8.1
    - pytz==2019.3
    - pywavelets==1.1.1
    - raven==6.10.0
    - requests==2.22.0
    - requests-toolbelt==0.9.1
    - scikit-image==0.16.2
    - scipy==1.3.1
    - stable-baselines==2.8.0
    - tabulate==0.8.6
    - urllib3==1.25.7
prefix: /home/robot/anaconda3/envs/gym-duckietown

